4681648539697425
4681651013813901
4681660954841013
4681662724837612
4681664015371617
4681753564283384
4681766620629005
4681779116510552
4681779066179440
4681782614825641
4681784681562347
4681811039621343
4681811387748112
4681839115241946
4681842781323391
4681843008604327
4681843665797591
4681844366770558
4681844647527624
4681984469106711
4682013778383091
4682022507512993
4682087305841381
4682093831651466
4682099053822989
4682104698832908
4682113377371908
4682115214741233
4682133085623166
4682164330041146
4682176517375118
4682205534619282
4682205797813818
4682206770892701
4682206918740488
4682207497028375
4682207844895431
4682208545082188
4682209098993368
4682349637537086
4682355711675253
4682362480232373
4682377881717467
4682438838585633
4682453631110102
4300235268468299
4682462561046491
4682459361314854
4682456814322905
4671964965242313
4666907859092490
4667848201078492
4667710317007015
4667709533454371
4667664662010024
4667654264591654
4667648695076065
4667632467577601
4667629409667644
4667616716915029
4667613039040684
4661906961340522
4677341899134324
4677312211061337
4677309627368909
4677308948940500
4677308411809761
4677307605975243
4677301016988120
4677295757592067
4677293966101788
4677289345027460
4671964566258288
4678435315648920
4678219436130770
4677856310067815
4677855966134532
4677855739120371
4677855647106386
4677855578949767
4677496915889265
4677487172782387
4682480706391729
4682485273460989
4682485973386317
4682502755585982
4682506672275776
4682541372281744
4682541317230121
4682542680905376
4682566945476123
4682567620232183
4682569993683754
4682730439182380
4682790229248688
4682791306660597
4682817981909725
4682818942667343
4682819227356928
4682819929114494
4682821027758368
4682821081501021
4682821166170958
4682821111645156
4682820964845410
4682821778540694
4682822348967476
4682822968672751
4682823266994223
4682823850001907
4682824445330674
4682825254571971
4682825627863648
4682826001940559
4682826252814082
4682829939608964
4682830997096038
4682832074769942
4682852207693296
4682854594251711
4682914056900728
4682929084826279
4682929487480654
4682929350120092
4682930637504838
4682930847484723
4682931618448895
4682932005112095
4682932248382896
4682932620625660
4682934722233940
4682935250716041
4682936705617624
4682938594101196
4682940304852653
4682940887336733
4682941102556119
4683076691298181
4683077428972442
4683099860110178
4683106898415714
4683109708598318
4683113194325805
4683115269721172
4683116259578488
4683169754254518
4683250675221033
4683251127681876
4683250893590877
4683251807945023
4683253308987687
4683253598390225
4683260183189291
4683272544325823
4683292144045266
4683292341960999
4683292840298155
4683297243792365
4683300541564204
4683305658876528
4683436948195651
4683657387707974
4683660382964878
4683658998844443
4683655291602746
4683655044402212

4683664661414241
4683662794687564
4683654695750685
4683654456414856
4683654339500191
4683665718641773
4683665576298101
4683659837181097
4683659481188976
4683654431507121
4683654276580734
4683653830937776
